,AdaBoost,RandomForest,LightGBM,XGBoost,SVM,NN
AdaBoost,1.0,0.4,0.735,0.645,0.475,0.385
RandomForest,0.4,1.0,0.395,0.39,0.33,0.16
LightGBM,0.735,0.395,1.0,0.615,0.44,0.365
XGBoost,0.645,0.39,0.615,1.0,0.455,0.34
SVM,0.475,0.33,0.44,0.455,1.0,0.42
NN,0.385,0.16,0.365,0.34,0.42,1.0
