,AdaBoost,RandomForest,LightGBM,XGBoost,SVM,NN
AdaBoost,1.0,0.465,0.74,0.645,0.48,0.365
RandomForest,0.465,1.0,0.46,0.44,0.325,0.18
LightGBM,0.74,0.46,1.0,0.64,0.425,0.375
XGBoost,0.645,0.44,0.64,1.0,0.455,0.34
SVM,0.48,0.325,0.425,0.455,1.0,0.51
NN,0.365,0.18,0.375,0.34,0.51,1.0
