,AdaBoost,RandomForest,LightGBM,XGBoost,SVM,NN
AdaBoost,1.0,0.475,0.75,0.665,0.505,0.34
RandomForest,0.475,1.0,0.465,0.41,0.46,0.25
LightGBM,0.75,0.465,1.0,0.65,0.455,0.315
XGBoost,0.665,0.41,0.65,1.0,0.495,0.28
SVM,0.505,0.46,0.455,0.495,1.0,0.43
NN,0.34,0.25,0.315,0.28,0.43,1.0
