,AdaBoost,RandomForest,LightGBM,XGBoost,SVM,NN
AdaBoost,1.0,0.445,0.78,0.7,0.505,0.385
RandomForest,0.445,1.0,0.405,0.395,0.38,0.25
LightGBM,0.78,0.405,1.0,0.68,0.465,0.38
XGBoost,0.7,0.395,0.68,1.0,0.505,0.36
SVM,0.505,0.38,0.465,0.505,1.0,0.49
NN,0.385,0.25,0.38,0.36,0.49,1.0
